0.00000 0.74391
0.06283 0.59563
0.12566 0.43766
0.18850 0.27358
0.25133 0.10702
0.31416 0.05845
0.37699 0.21933
0.43982 0.37228
0.50265 0.51415
0.56549 0.64207
0.62832 0.75346
0.69115 0.84609
0.75398 0.91811
0.81681 0.96811
0.87965 0.99508
0.94248 0.99850
1.00531 0.97831
1.06814 0.93489
1.13097 0.86912
1.19381 0.78228
1.25664 0.67610
1.31947 0.55272
1.38230 0.41460
1.44513 0.26454
1.50796 0.10562
1.57080 0.05888
1.63363 0.22549
1.69646 0.39065
1.75929 0.55076
1.82212 0.70221
1.88496 0.84148
1.94779 0.96518
2.01062 1.07010
2.07345 1.15331
2.13628 1.21215
2.19911 1.24431
2.26195 1.24788
2.32478 1.22137
2.38761 1.16374
2.45044 1.07443
2.51327 0.95336
2.57611 0.80095
2.63894 0.61813
2.70177 0.40631
2.76460 0.16735
2.82743 0.09640
2.89027 0.38221
2.95310 0.68696
3.01593 1.00719
3.07876 1.33916
3.14159 1.67889
3.20442 2.02224
3.26726 2.36495
3.33009 2.70270
3.39292 3.03119
3.45575 3.34620
3.51858 3.64365
3.58142 3.91965
3.64425 4.17058
3.70708 4.39312
3.76991 4.58433
3.83274 4.74166
3.89557 4.86302
3.95841 4.94677
4.02124 4.99180
4.08407 4.99751
4.14690 4.96381
4.20973 4.89117
4.27257 4.78055
4.33540 4.63344
4.39823 4.45179
4.46106 4.23802
4.52389 3.99498
4.58673 3.72587
4.64956 3.43424
4.71239 3.12390
4.77522 2.79888
4.83805 2.46336
4.90088 2.12165
4.96372 1.77804
5.02655 1.43683
5.08938 1.10220
5.15221 0.77818
5.21504 0.46858
5.27788 0.17695
5.34071 0.09348
5.40354 0.33987
5.46637 0.55975
5.52920 0.75113
5.59203 0.91245
5.65487 1.04266
5.71770 1.14117
5.78053 1.20793
5.84336 1.24336
5.90619 1.24836
5.96903 1.22429
6.03186 1.17295
6.09469 1.09653
6.15752 0.99760
6.22035 0.87902
6.28319 0.74391
